61  2  0  0
   1    0.20000000000000001  0
   2    0.5  0
   3    0.20000000000000001  0
   4    0.20000000000000001  0.5
   5    0.5  0
   6    0.5  0.5
   7    0.20000000000000001  0.25
   8    0.5  0.25
   9    0.32500000000000001  0.5
  10    0.20000000000000001  0.375
  11    0.34999999999999998  0.3125
  12    0.26250000000000001  0.4375
  13    0.26250000000000001  0.5
  14    0.20000000000000001  0.4375
  15    0.28051470588235294  0.35698529411764707
  16    0.24597097234416154  0.39152902765583847
  17    0.20000000000000001  0.3125
  18    0.26981265108783242  0.28125
  19    0.23528068761751275  0.34375
  20    0.36323387627322429  0.40968118350309657
  21    0.34999999999999998  0
  22    0.20000000000000001  0.125
  23    0.30275768614646381  0.31521837413154508
  24    0.30783534091707138  0.40537082701690047
  25    0.33896049942323075  0.36349499882847192
  26    0.33224428491058183  0.44981464508743868
  27    0.41249999999999998  0.5
  28    0.36470962443852745  0.15625
  29    0.26987715406793872  0.1875
  30    0.5  0.375
  31    0.24890110725153586  0.23436059000305828
  32    0.20000000000000001  0.1875
  33    0.33424607909866344  0.23441931005661804
  34    0.5  0.4375
  35    0.46875  0.5
  36    0.43514408891590706  0.40625
  37    0.40232276156616731  0.35051936347247348
  38    0.44062499999999999  0.45718353460633743
  39    0.42051066546043425  0.27047559710504221
  40    0.32142090347317676  0.18440051583894382
  41    0.29170461261845065  0.091344932405591217
  42    0.5  0.3125
  43    0.4559257364973785  0.34375
  44    0.37103395622221474  0.26762645485064673
  45    0.39916350209895107  0.21016137820194497
  46    0.5  0.125
  47    0.43443984238894373  0.1496517044708163
  48    0.39218399114430325  0.074846125494466509
  49    0.5  0.1875
  50    0.39661571429724829  0.12168019347216916
  51    0.5  0.0625
  52    0.45405829522942065  0.21875
  53    0.42499999999999999  0
  54    0.33754907709844179  0.056328171949628414
  55    0.34142867269763727  0.10892590448699513
  56    0.27500000000000002  0
  57    0.44878721056767257  0.092209784770294845
  58    0.45374312631980973  0.041758248416228334
  59    0.38749999999999996  0
  60    0.20000000000000001  0.0625
  61    0.24055934381722191  0.09375
